-15649
-15243
-7059
-5195
-168
-1565
-1183
-858
-1146
-471
-565
594
-892
-813
-365
-565
659
659
1155
1377
1377
1672
1377
1533
1533
1533
1533
1533
1533
1533
1533
2029
2029
2029
2029
2177
2319
2445
2503
2445
2503
3094
4139
4879
4318
4788
4788
4294
4294
4299
4299
4299
4299
4299
4884
4884
5181
5181
4884
4884
5181
5401
5479
5479
5479
5479
5479
5479
5479
5479
5479
5479
5479
5479
5479
5479
5479
5479
5479
5479
5479
5479
5479
5479
5479
5479
5479
5479
5479
5479
5479
5479
5479
5479
5479
5479
5479
5479
5479
5479
5479
5479
5479
5479
5479
5479
5479
5479
5479
5479
5479
5479
5479
5479
5479
5479
5479
5479
5479
5479
5479
5479
5479
5479
5479
5479
5479
5479
5479
5479
5479
5479
5479
5479
5479
5479
5479
5479
5479
5479
5479
5479
5479
5479
5479
5479
5479
5479
5479
5479
5479
5479
5479
5479
5479
5479
5479
5479
5479
5479
5479
5479
5479
5479
5479
5479
5479
5479
5479
5479
5479
5479
5479
5479
5479
5479
5479
5479
5479
5479
5479
5479
5479
5479
5479
5479
5479
5479
5479
5479
5479
5479
5479
5479
5479
5479
5479
5479
5479
5479
5545
5545
5545
5545
5545
5545
5545
5545
5545
5545
5545
5545
5545
5545
5545
5545
5545
5545
5545
5545
5545
5545
5545
5545
5545
5545
5545
5545
5545
5545
5545
5545
5545
5545
5545
5545
5545
5545
5545
5545
5545
5545
5545
5545
5545
5545
5545
5545
5545
5545
5545
5545
5545
5545
5545
5545
5545
5545
5545
5545
5545
5545
5545
5545
5545
5545
5545
5545
5545
5545
5545
5545
5545
5545
5545
5545
5545
5545
5545
5545
5545
5545
5545
5545
5545
5545
5545
5545
5545
5545
5545
5545
5545
5545
5545
5545
5545
5545
5545
5545
5545
5545
5545
5545
5545
5545
5545
5545
5545
5545
5545
5545
5545
5545
5545
5545
5545
5545
5545
5545
5545
5545
5545
5545
5545
5545
5545
5545
5545
5545
5545
5545
5545
5545
5545
5545
5545
5545
5545
5545
5545
5545
5545
5545
5545
5545
5545
5545
5545
5545
5545
5545
5545
5545
5545
5545
5545
5545
5545
5545
5545
5545
5545
5545
5545
5545
5545
5545
5545
5545
5545
5545
5545
5545
5545
5545
5545
5545
5545
5545
5545
5545
5545
5545
5545
5545
5545
5545
5545
5545
5545
5545
5545
5545
5545
5545
5545
5545
5545
5545
5545
5545
5545
5545
5545
5545
5545
5545
5545
5545
5545
5545
5545
5545
5545
5545
5545
5545
5545
5545
5545
5545
5545
5545
5545
5545
5545
5545
5545
5545
5545
5545
5545
5545
5545
5545
5545
5545
5545
5545
5545
5545
5545
5545
5545
5545
5545
5545
5545
5545
5545
5545
5545
5545
5545
5545
5545
5545
5545
5545
5545
5545
5545
5545
5545
5545
5545
5545
5545
5545
5545
5545
5545
5545
5545
5545
5545
5545
5545
5545
5545
5545
5545
5545
5380
5380
5380
5380
5380
5380
5380
5380
5380
5380
5380
5380
5380
5380
5380
5380
